%YAML:1.0
R: !!opencv-matrix
   rows: 3
   cols: 3
   dt: d
   data: [ 9.9995867489674273e-01, -3.5654336030519714e-03,
       -8.3627855390756844e-03, 3.5604215794700629e-03,
       9.9999347309631370e-01, -6.1413593659557153e-04,
       8.3649206168851034e-03, 5.8433551526674773e-04,
       9.9996484270952180e-01 ]
T: !!opencv-matrix
   rows: 3
   cols: 1
   dt: d
   data: [ -1.1600868429940864e+02, 2.6063577918083369e-01,
       3.4163778702192844e+00 ]
E: !!opencv-matrix
   rows: 3
   cols: 3
   dt: d
   data: [ -9.9835478899850446e-03, -3.4162032731076448e+00,
       2.6272473635612753e-01, 4.3866401230848702e+00,
       5.5607125856309447e-02, 1.1597603531294764e+02,
       -6.7366483136589095e-01, -1.1600699784233419e+02,
       7.3424743110536511e-02 ]
F: !!opencv-matrix
   rows: 3
   cols: 3
   dt: d
   data: [ 1.0741945024059101e-08, 3.6762851756911886e-06,
       -9.5789502509089285e-04, -4.7205601390991296e-06,
       -5.9849351000251686e-08, -4.9789938465475102e-02,
       1.4895660896137577e-03, 5.0504879713660321e-02, 1. ]
