%YAML:1.0
cameraMatrixLeft: !!opencv-matrix
   rows: 3
   cols: 3
   dt: d
   data: [ 4.1302458674066179e+02, 0., 3.6938521634598203e+02, 0.,
       4.1296042736626521e+02, 2.2772234203527142e+02, 0., 0., 1. ]
cameraMatrixRight: !!opencv-matrix
   rows: 3
   cols: 3
   dt: d
   data: [ 4.1556512761995651e+02, 0., 3.7780008597622430e+02, 0.,
       4.1550436257052809e+02, 2.5259848679838180e+02, 0., 0., 1. ]
distCoeffsLeft: !!opencv-matrix
   rows: 1
   cols: 5
   dt: d
   data: [ -3.3379831185972408e-01, 1.6018573470240280e-01,
       -1.2411971971715637e-03, 7.5773973134862061e-05,
       -4.4196179896949329e-02 ]
distCoeffsRight: !!opencv-matrix
   rows: 1
   cols: 5
   dt: d
   data: [ -3.3639876199355490e-01, 1.7190549464564431e-01,
       1.0397389778493826e-04, -7.5067307960413404e-04,
       -5.6518971948193622e-02 ]
