%YAML:1.0
R: !!opencv-matrix
   rows: 3
   cols: 3
   dt: d
   data: [ 9.9997759579053791e-01, 2.0573407737142745e-03,
       -6.3698717346948154e-03, -2.4447629506110739e-03,
       9.9810881554641762e-01, -6.1423248551688701e-02,
       6.2314565785994711e-03, 6.1437445238779427e-02,
       9.9809148341794851e-01 ]
T: !!opencv-matrix
   rows: 3
   cols: 1
   dt: d
   data: [ -2.5992545854322901e+02, -3.7802114912614129e+00,
       -1.0238387495084769e+01 ]
E: !!opencv-matrix
   rows: 3
   cols: 3
   dt: d
   data: [ -4.8586654187701209e-02, 9.9867782793389352e+00,
       -4.4018719148257723e+00, -8.6184439035220866e+00,
       1.5948092273363541e+01, 2.5949460371061576e+02,
       4.4155829295784326e+00, -2.5942611437370755e+02,
       1.5941386582683059e+01 ]
F: !!opencv-matrix
   rows: 3
   cols: 3
   dt: d
   data: [ 1.5723824933079384e-07, -3.2694691754909108e-05,
       1.4876665097834762e-02, 2.7973588274926091e-05,
       -5.2364708682370385e-05, -5.2972560537811630e-01,
       -1.5239726312160730e-02, 5.5042031372685341e-01, 1. ]
