%YAML:1.0
cameraMatrixLeft: !!opencv-matrix
   rows: 3
   cols: 3
   dt: d
   data: [ 6.2794557067878395e+02, 0., 3.7263235632594814e+02, 0.,
       6.2074233949160498e+02, 1.8320526819138411e+02, 0., 0., 1. ]
cameraMatrixRight: !!opencv-matrix
   rows: 3
   cols: 3
   dt: d
   data: [ 6.1949279579099289e+02, 0., 3.8034348213167749e+02, 0.,
       6.1767233112428426e+02, 2.2619301927948081e+02, 0., 0., 1. ]
distCoeffsLeft: !!opencv-matrix
   rows: 1
   cols: 5
   dt: d
   data: [ -3.9437290729979912e-01, 1.8680914746043634e-01,
       9.5134427897761130e-03, 6.1174472712067379e-04,
       -4.7235298882440165e-02 ]
distCoeffsRight: !!opencv-matrix
   rows: 1
   cols: 5
   dt: d
   data: [ -4.0059061389647793e-01, 2.4806618123173341e-01,
       4.2023325795667145e-03, -8.5217326375145092e-04,
       -1.1852973458896758e-01 ]
