%YAML:1.0
R: !!opencv-matrix
   rows: 3
   cols: 3
   dt: d
   data: [ 9.9998986885068131e-01, -3.6664477724057086e-03,
       -2.6113898080257938e-03, 3.6542911052225612e-03,
       9.9998253535705828e-01, -4.6449044541456369e-03,
       2.6283745006241113e-03, 4.6353146173773270e-03,
       9.9998580265215886e-01 ]
T: !!opencv-matrix
   rows: 3
   cols: 1
   dt: d
   data: [ -1.1749651112855615e+02, -2.2730737455000774e-01,
       1.9569186694823251e+00 ]
E: !!opencv-matrix
   rows: 3
   cols: 3
   dt: d
   data: [ -7.7485993946042834e-03, -1.9579381337923858e+00,
       -2.1821444714386518e-01, 2.2657236774096741e+00,
       5.3745835542853149e-01, 1.1748973271224892e+02,
       -2.0206138384671146e-01, -1.1749529250455947e+02,
       5.4516647972641386e-01 ]
F: !!opencv-matrix
   rows: 3
   cols: 3
   dt: d
   data: [ 8.1375714971057105e-09, 2.0580923458730973e-06,
       -3.3210348109362044e-04, -2.3816094076829272e-06,
       -5.6546105138477402e-07, -7.4702691154993575e-02,
       7.1939039429691530e-04, 7.5663323289174619e-02, 1. ]
