%YAML:1.0
cameraMatrixLeft: !!opencv-matrix
   rows: 3
   cols: 3
   dt: d
   data: [ 6.1317300696686232e+02, 0., 3.7561174707020302e+02, 0.,
       6.1261657746185483e+02, 2.2815638635953368e+02, 0., 0., 1. ]
cameraMatrixRight: !!opencv-matrix
   rows: 3
   cols: 3
   dt: d
   data: [ 6.1777902644074675e+02, 0., 3.7714604945582033e+02, 0.,
       6.1722168379984373e+02, 2.4830429895783158e+02, 0., 0., 1. ]
distCoeffsLeft: !!opencv-matrix
   rows: 1
   cols: 5
   dt: d
   data: [ -4.0066803583130184e-01, 2.3392041513226311e-01,
       -3.6508844611666093e-04, -8.3461050254408442e-04,
       -9.5171626805878762e-02 ]
distCoeffsRight: !!opencv-matrix
   rows: 1
   cols: 5
   dt: d
   data: [ -4.0765708061350048e-01, 2.4567544864239779e-01,
       7.3465624988356955e-04, -1.2595960850949352e-03,
       -1.1214202947913000e-01 ]
