%YAML:1.0
R: !!opencv-matrix
   rows: 3
   cols: 3
   dt: d
   data: [ 9.9997035794241607e-01, -7.1663868867595038e-03,
       -2.8153393233254940e-03, 7.0369586647907488e-03,
       9.9902573977737963e-01, -4.3566644064115811e-02,
       3.1248118769308074e-03, 4.3545541232698118e-02,
       9.9904655616717142e-01 ]
T: !!opencv-matrix
   rows: 3
   cols: 1
   dt: d
   data: [ -2.5573987757106332e+02, -2.0860014141084067e+00,
       -1.3872152931830233e+00 ]
E: !!opencv-matrix
   rows: 3
   cols: 3
   dt: d
   data: [ 3.2434146831941063e-03, 1.2950277239131402e+00,
       -2.1444488438432558e+00, -5.8803516642853215e-01,
       1.1146272705102085e+01, 2.5549994944374964e+02,
       2.8630863332815037e-01, -2.5550566947418787e+02,
       1.1135855417329418e+01 ]
F: !!opencv-matrix
   rows: 3
   cols: 3
   dt: d
   data: [ 1.4220100442358063e-09, 5.6758378325774664e-07,
       -7.0881050278205106e-04, -2.5759262052979120e-07,
       4.8810191278280975e-06, 6.7721064401698339e-02,
       1.4089056960733747e-04, -7.0187165347181432e-02,
       9.9999999999999989e-01 ]
