%YAML:1.0
R: !!opencv-matrix
   rows: 3
   cols: 3
   dt: d
   data: [ 9.9995136203575141e-01, -6.6055531593981276e-03,
       -7.3239490921234501e-03, 6.3298293818490657e-03,
       9.9929330877558742e-01, -3.7051535681199545e-02,
       7.5635192101514990e-03, 3.7003374221777234e-02,
       9.9928651720783301e-01 ]
T: !!opencv-matrix
   rows: 3
   cols: 1
   dt: d
   data: [ -2.5522523445639061e+02, -2.3091745622119397e+00,
       2.2360182540600468e+00 ]
E: !!opencv-matrix
   rows: 3
   cols: 3
   dt: d
   data: [ -3.1619100203783321e-02, -2.3198853300512132e+00,
       -2.2246790957735727e+00, 4.1663104624104772e+00,
       9.4294247239880757e+00, 2.5502675915961740e+02,
       6.9353006061076150e-01, -2.5506012239827666e+02,
       9.4395746042650099e+00 ]
F: !!opencv-matrix
   rows: 3
   cols: 3
   dt: d
   data: [ -5.9115647638074573e-08, -4.3408029565521818e-06,
       -1.5258543952415026e-03, 7.7885314501634422e-06,
       1.7641672482615688e-05, 2.8488118041570204e-01,
       -1.1769807584276473e-03, -2.9385113930282636e-01,
       9.9999999999999989e-01 ]
