%YAML:1.0
R: !!opencv-matrix
   rows: 3
   cols: 3
   dt: d
   data: [ 9.9996968150628796e-01, -6.4410106314500819e-03,
       4.3760084847504106e-03, 6.6114621219167981e-03,
       9.9917287488938389e-01, -4.0122994079381594e-02,
       -4.1139563468175020e-03, 4.0150709424980002e-02,
       9.9918516597067597e-01 ]
T: !!opencv-matrix
   rows: 3
   cols: 1
   dt: d
   data: [ -2.5549782274883759e+02, -2.8170721718112892e+00,
       3.0878150766178893e+00 ]
E: !!opencv-matrix
   rows: 3
   cols: 3
   dt: d
   data: [ -8.8256604778767737e-03, -3.1983685134306721e+00,
       -2.6908843395052706e+00, 2.0366145692202715e+00,
       1.0238530190167175e+01, 2.5530314673341826e+02,
       1.1277725850902098e+00, -2.5530463887574248e+02,
       1.0263665161172499e+01 ]
F: !!opencv-matrix
   rows: 3
   cols: 3
   dt: d
   data: [ 3.0939465177512115e-08, 1.1213836272322762e-05,
       1.3338059146124938e-03, -7.1359064025557932e-06,
       -3.5878810601253612e-05, -3.5862784900573946e-01,
       1.6860356822448615e-04, 3.7461074259406063e-01, 1. ]
