%YAML:1.0
R: !!opencv-matrix
   rows: 3
   cols: 3
   dt: d
   data: [ 9.9990122391523673e-01, -3.8949909922883943e-03,
       -1.3504497694531938e-02, 3.2596216248289328e-03,
       9.9890104047618122e-01, -4.6755600760395755e-02,
       1.3671769441976915e-02, 4.6706962872494345e-02,
       9.9881506913920404e-01 ]
T: !!opencv-matrix
   rows: 3
   cols: 1
   dt: d
   data: [ -2.5528107136627006e+02, -2.1797639560941815e+00,
       -1.2558536293516878e+00 ]
E: !!opencv-matrix
   rows: 3
   cols: 3
   dt: d
   data: [ -2.5707622597796478e-02, 1.1526633428770972e+00,
       -2.2358992774208164e+00, 2.2344143695733543e+00,
       1.1928295060928912e+01, 2.5499554061907335e+02,
       1.3474289469098983e+00, -2.5500901796261573e+02,
       1.1906383237167722e+01 ]
F: !!opencv-matrix
   rows: 3
   cols: 3
   dt: d
   data: [ -1.2017198531917057e-08, 5.4027050258522785e-07,
       -7.5260434875633179e-04, 1.0441266487338446e-06,
       5.5890152207979515e-06, 7.1238333644144239e-02,
       1.3750155019692797e-04, -7.4557924367467054e-02, 1. ]
