%YAML:1.0
cameraMatrixLeft: !!opencv-matrix
   rows: 3
   cols: 3
   dt: d
   data: [ 6.1131375431260597e+02, 0., 3.6674533409247726e+02, 0.,
       6.0967264994834989e+02, 2.1854804755879172e+02, 0., 0., 1. ]
cameraMatrixRight: !!opencv-matrix
   rows: 3
   cols: 3
   dt: d
   data: [ 6.1082399662198270e+02, 0., 3.7189968576418295e+02, 0.,
       6.1103761541696701e+02, 2.4106658760914766e+02, 0., 0., 1. ]
distCoeffsLeft: !!opencv-matrix
   rows: 1
   cols: 5
   dt: d
   data: [ -3.9670535814283636e-01, 2.1519778135339190e-01,
       1.8032295188906103e-03, 1.2357022434586855e-03,
       -7.7874735600691150e-02 ]
distCoeffsRight: !!opencv-matrix
   rows: 1
   cols: 5
   dt: d
   data: [ -4.0761208092989692e-01, 2.4866063824124435e-01,
       1.5741767940203098e-03, 7.2522152216754484e-04,
       -1.0018470922979782e-01 ]
