%YAML:1.0
cameraMatrixLeft: !!opencv-matrix
   rows: 3
   cols: 3
   dt: d
   data: [ 6.1424592057588222e+02, 0., 3.7698664300237863e+02, 0.,
       6.1445708153834437e+02, 2.3039104611479559e+02, 0., 0., 1. ]
cameraMatrixRight: !!opencv-matrix
   rows: 3
   cols: 3
   dt: d
   data: [ 6.1397038168805034e+02, 0., 3.7626531075732800e+02, 0.,
       6.1449377591993505e+02, 2.4983716403473176e+02, 0., 0., 1. ]
distCoeffsLeft: !!opencv-matrix
   rows: 1
   cols: 5
   dt: d
   data: [ -4.1049490926035226e-01, 2.4317702443583683e-01,
       1.5593030146336492e-05, 1.2675478913168386e-03,
       -1.0001195316836238e-01 ]
distCoeffsRight: !!opencv-matrix
   rows: 1
   cols: 5
   dt: d
   data: [ -4.1094614695684539e-01, 2.5336130980460486e-01,
       1.2911108665268048e-04, -1.6559372810911704e-03,
       -1.1831743478562576e-01 ]
