%YAML:1.0
cameraMatrixLeft: !!opencv-matrix
   rows: 3
   cols: 3
   dt: d
   data: [ 6.1200663456225391e+02, 0., 3.6408814687188391e+02, 0.,
       6.1151275714420001e+02, 2.2994407490738530e+02, 0., 0., 1. ]
cameraMatrixRight: !!opencv-matrix
   rows: 3
   cols: 3
   dt: d
   data: [ 6.0961877465680982e+02, 0., 3.6747837013998634e+02, 0.,
       6.0968755460293062e+02, 2.5539582566927035e+02, 0., 0., 1. ]
distCoeffsLeft: !!opencv-matrix
   rows: 1
   cols: 5
   dt: d
   data: [ -3.9778059733133825e-01, 2.0506790676097830e-01,
       -1.0389846381300748e-03, 1.6066999378845555e-03,
       -5.9067919695308606e-02 ]
distCoeffsRight: !!opencv-matrix
   rows: 1
   cols: 5
   dt: d
   data: [ -4.1168651746859536e-01, 2.8769886203352391e-01,
       -4.7064633983990087e-04, 1.4166275457981430e-03,
       -1.6679934408252872e-01 ]
