%YAML:1.0
cameraMatrixLeft: !!opencv-matrix
   rows: 3
   cols: 3
   dt: d
   data: [ 4.1302177052821582e+02, 0., 3.7454589149866820e+02, 0.,
       4.1296459593123808e+02, 2.2746336470754261e+02, 0., 0., 1. ]
cameraMatrixRight: !!opencv-matrix
   rows: 3
   cols: 3
   dt: d
   data: [ 4.1300861560437818e+02, 0., 3.7454207672791858e+02, 0.,
       4.1322291649719193e+02, 2.5407304577725472e+02, 0., 0., 1. ]
distCoeffsLeft: !!opencv-matrix
   rows: 1
   cols: 5
   dt: d
   data: [ -3.2275539555637134e-01, 1.3749272196919732e-01,
       1.4456615079128332e-04, 6.7667820050910444e-04,
       -3.2686454312811641e-02 ]
distCoeffsRight: !!opencv-matrix
   rows: 1
   cols: 5
   dt: d
   data: [ -3.2569362406766528e-01, 1.4591205974488503e-01,
       1.4333497905442256e-04, -5.0047671162737402e-04,
       -3.7287020892438641e-02 ]
