%YAML:1.0
R: !!opencv-matrix
   rows: 3
   cols: 3
   dt: d
   data: [ 9.9997057025558467e-01, -3.4185259200851196e-03,
       -6.8682096105519069e-03, 3.3805012578460867e-03,
       9.9997893825423756e-01, -5.5403302404706976e-03,
       6.8870047166001277e-03, 5.5169491987401209e-03,
       9.9996106546083685e-01 ]
T: !!opencv-matrix
   rows: 3
   cols: 1
   dt: d
   data: [ -1.1597687328008882e+02, -2.3471005515623275e-01,
       -3.4294180543384565e+00 ]
E: !!opencv-matrix
   rows: 3
   cols: 3
   dt: d
   data: [ 9.9767027894767796e-03, 3.4280509413565525e+00,
       -2.5370102538206579e-01, -2.6305838541451170e+00,
       6.5156207262453447e-01, 1.1599591173601348e+02,
       -1.5735681830509868e-01, -1.1597523296707674e+02,
       6.4093814037239694e-01 ]
F: !!opencv-matrix
   rows: 3
   cols: 3
   dt: d
   data: [ -8.3382963792638941e-09, -2.8646884737137695e-06,
       7.8635542563903712e-04, 2.1981897442573625e-06,
       -5.4438815076668576e-07, -6.0672742931910738e-02,
       -4.6578314387771085e-04, 6.1223350929144105e-02, 1. ]
