%YAML:1.0
cameraMatrixLeft: !!opencv-matrix
   rows: 3
   cols: 3
   dt: d
   data: [ 6.1872378145984999e+02, 0., 3.7490010169028807e+02, 0.,
       6.1880949452111906e+02, 2.2761176574625861e+02, 0., 0., 1. ]
cameraMatrixRight: !!opencv-matrix
   rows: 3
   cols: 3
   dt: d
   data: [ 6.1926630956443012e+02, 0., 3.7360314698404591e+02, 0.,
       6.1937649409747280e+02, 2.5036113220353104e+02, 0., 0., 1. ]
distCoeffsLeft: !!opencv-matrix
   rows: 1
   cols: 5
   dt: d
   data: [ -4.0720640274289888e-01, 2.4056901239066822e-01,
       7.5145145384241231e-04, 1.0813193941951328e-03,
       -9.7654213411654978e-02 ]
distCoeffsRight: !!opencv-matrix
   rows: 1
   cols: 5
   dt: d
   data: [ -4.1010227329132487e-01, 2.7499820704806083e-01,
       4.5321194744631690e-04, 6.2515499020360504e-04,
       -1.7621339004595596e-01 ]
