%YAML:1.0
R: !!opencv-matrix
   rows: 3
   cols: 3
   dt: d
   data: [ 9.9996898423900227e-01, -4.2462587279300697e-03,
       -6.6332380353422062e-03, 4.2403260441875885e-03,
       9.9999059736409346e-01, -9.0819515668647325e-04,
       6.6370320970308150e-03, 8.8003989632404482e-04,
       9.9997758741620002e-01 ]
T: !!opencv-matrix
   rows: 3
   cols: 1
   dt: d
   data: [ -1.1579010593649551e+02, -3.2667400739081398e-01,
       5.4266564208943713e-01 ]
E: !!opencv-matrix
   rows: 3
   cols: 3
   dt: d
   data: [ -4.4692251277561349e-03, -5.4294802576158152e-01,
       -3.2617383947440226e-01, 1.3111514605206993e+00,
       9.9595614104633620e-02, 1.1578391115066542e+02,
       -1.6432392651388522e-01, -1.1579040434664287e+02,
       1.0299310695275646e-01 ]
F: !!opencv-matrix
   rows: 3
   cols: 3
   dt: d
   data: [ 4.5424623707231379e-09, 5.5227305153154871e-07,
       7.3789678698092093e-05, -1.3331526198355116e-06,
       -1.0134532238317709e-07, -7.1877561159612552e-02,
       4.3547819443038178e-04, 7.2536838287603822e-02, 1. ]
