%YAML:1.0
cameraMatrixLeft: !!opencv-matrix
   rows: 3
   cols: 3
   dt: d
   data: [ 6.1500087800830659e+02, 0., 3.7575962528613366e+02, 0.,
       6.1452456559429913e+02, 2.3247166090354159e+02, 0., 0., 1. ]
cameraMatrixRight: !!opencv-matrix
   rows: 3
   cols: 3
   dt: d
   data: [ 6.1741924377733358e+02, 0., 3.7595324781623412e+02, 0.,
       6.1718059181569811e+02, 2.5058392828421432e+02, 0., 0., 1. ]
distCoeffsLeft: !!opencv-matrix
   rows: 1
   cols: 5
   dt: d
   data: [ -4.0926097183317922e-01, 2.4037964497948339e-01,
       4.5030993820453622e-04, 4.0616014896568812e-04,
       -9.0931438771552339e-02 ]
distCoeffsRight: !!opencv-matrix
   rows: 1
   cols: 5
   dt: d
   data: [ -4.0731924937809827e-01, 2.4014384445284240e-01,
       6.7545419628211158e-04, -2.9526661279270355e-04,
       -9.8270493366302628e-02 ]
